 r =     1.0000
   psia        q          qp           p          pp         d_i         d_r    <j.grad_phi> r.grad psi
   0.00000  0.9364E+00  0.1795E+02  0.0000E+00  0.0000E+00 -0.2500E+00  0.0000E+00  0.1961E+01  0.2431E-05
   0.00012  0.9442E+00  0.1795E+02  0.0000E+00  0.0000E+00 -0.2500E+00  0.0000E+00  0.1951E+01  0.2322E-03
   0.00023  0.9479E+00  0.1795E+02  0.0000E+00  0.0000E+00 -0.2500E+00  0.0000E+00  0.1947E+01  0.4637E-03
   0.00035  0.9506E+00  0.1795E+02  0.0000E+00  0.0000E+00 -0.2500E+00  0.0000E+00  0.1945E+01  0.6949E-03
   0.00046  0.9529E+00  0.1795E+02  0.0000E+00  0.0000E+00 -0.2500E+00  0.0000E+00  0.1943E+01  0.9259E-03
   0.00058  0.9549E+00  0.1579E+02  0.0000E+00  0.0000E+00 -0.2500E+00  0.0000E+00  0.1942E+01  0.1157E-02
   0.00070  0.9566E+00  0.1429E+02  0.0000E+00  0.0000E+00 -0.2500E+00  0.0000E+00  0.1940E+01  0.1387E-02
   0.00081  0.9582E+00  0.1315E+02  0.0000E+00  0.0000E+00 -0.2500E+00  0.0000E+00  0.1939E+01  0.1617E-02
   0.00093  0.9597E+00  0.1223E+02  0.0000E+00  0.0000E+00 -0.2500E+00  0.0000E+00  0.1938E+01  0.1848E-02
   0.00105  0.9611E+00  0.1141E+02  0.0000E+00  0.0000E+00 -0.2500E+00  0.0000E+00  0.1938E+01  0.2078E-02
   0.00116  0.9624E+00  0.1067E+02  0.0000E+00  0.0000E+00 -0.2500E+00  0.0000E+00  0.1937E+01  0.2307E-02
   0.00128  0.9636E+00  0.1003E+02  0.0000E+00  0.0000E+00 -0.2500E+00  0.0000E+00  0.1936E+01  0.2537E-02
   0.00140  0.9647E+00  0.9492E+01  0.0000E+00  0.0000E+00 -0.2500E+00  0.0000E+00  0.1936E+01  0.2767E-02
   0.00151  0.9658E+00  0.9032E+01  0.0000E+00  0.0000E+00 -0.2500E+00  0.0000E+00  0.1935E+01  0.2996E-02
   0.00163  0.9668E+00  0.8634E+01  0.0000E+00  0.0000E+00 -0.2500E+00  0.0000E+00  0.1935E+01  0.3226E-02
   0.00175  0.9678E+00  0.8285E+01  0.0000E+00  0.0000E+00 -0.2500E+00  0.0000E+00  0.1935E+01  0.3455E-02
   0.00186  0.9687E+00  0.7971E+01  0.0000E+00  0.0000E+00 -0.2500E+00  0.0000E+00  0.1934E+01  0.3684E-02
   0.00198  0.9696E+00  0.7676E+01  0.0000E+00  0.0000E+00 -0.2500E+00  0.0000E+00  0.1934E+01  0.3913E-02
   0.00209  0.9705E+00  0.7397E+01  0.0000E+00  0.0000E+00 -0.2500E+00  0.0000E+00  0.1934E+01  0.4143E-02
   0.00221  0.9714E+00  0.7134E+01  0.0000E+00  0.0000E+00 -0.2500E+00  0.0000E+00  0.1933E+01  0.4372E-02
   0.00233  0.9722E+00  0.6889E+01  0.0000E+00  0.0000E+00 -0.2500E+00  0.0000E+00  0.1933E+01  0.4600E-02
   0.00244  0.9730E+00  0.6661E+01  0.0000E+00  0.0000E+00 -0.2500E+00  0.0000E+00  0.1933E+01  0.4829E-02
   0.00256  0.9737E+00  0.6447E+01  0.0000E+00  0.0000E+00 -0.2500E+00  0.0000E+00  0.1933E+01  0.5058E-02
   0.00268  0.9745E+00  0.6252E+01  0.0000E+00  0.0000E+00 -0.2500E+00  0.0000E+00  0.1933E+01  0.5287E-02
   0.00279  0.9752E+00  0.6073E+01  0.0000E+00  0.0000E+00 -0.2500E+00  0.0000E+00  0.1933E+01  0.5515E-02
   0.00291  0.9759E+00  0.5910E+01  0.0000E+00  0.0000E+00 -0.2500E+00  0.0000E+00  0.1933E+01  0.5744E-02
   0.00303  0.9766E+00  0.5758E+01  0.0000E+00  0.0000E+00 -0.2500E+00  0.0000E+00  0.1933E+01  0.5973E-02
   0.00314  0.9772E+00  0.5612E+01  0.0000E+00  0.0000E+00 -0.2500E+00  0.0000E+00  0.1933E+01  0.6201E-02
   0.00326  0.9779E+00  0.5472E+01  0.0000E+00  0.0000E+00 -0.2500E+00  0.0000E+00  0.1933E+01  0.6430E-02
   0.00338  0.9785E+00  0.5338E+01  0.0000E+00  0.0000E+00 -0.2500E+00  0.0000E+00  0.1933E+01  0.6658E-02
   0.00349  0.9791E+00  0.5208E+01  0.0000E+00  0.0000E+00 -0.2500E+00  0.0000E+00  0.1933E+01  0.6886E-02
   0.00361  0.9797E+00  0.5084E+01  0.0000E+00  0.0000E+00 -0.2500E+00  0.0000E+00  0.1933E+01  0.7115E-02
   0.00372  0.9803E+00  0.4965E+01  0.0000E+00  0.0000E+00 -0.2500E+00  0.0000E+00  0.1933E+01  0.7343E-02
   0.00384  0.9809E+00  0.4850E+01  0.0000E+00  0.0000E+00 -0.2500E+00  0.0000E+00  0.1933E+01  0.7571E-02
   0.00396  0.9814E+00  0.4741E+01  0.0000E+00  0.0000E+00 -0.2500E+00  0.0000E+00  0.1933E+01  0.7799E-02
   0.00407  0.9820E+00  0.4638E+01  0.0000E+00  0.0000E+00 -0.2500E+00  0.0000E+00  0.1933E+01  0.8027E-02
   0.00419  0.9825E+00  0.4540E+01  0.0000E+00  0.0000E+00 -0.2500E+00  0.0000E+00  0.1933E+01  0.8256E-02
   0.00431  0.9830E+00  0.4448E+01  0.0000E+00  0.0000E+00 -0.2500E+00  0.0000E+00  0.1933E+01  0.8484E-02
   0.00442  0.9835E+00  0.4360E+01  0.0000E+00  0.0000E+00 -0.2500E+00  0.0000E+00  0.1933E+01  0.8712E-02
   0.00454  0.9840E+00  0.4275E+01  0.0000E+00  0.0000E+00 -0.2500E+00  0.0000E+00  0.1934E+01  0.8940E-02
   0.00466  0.9845E+00  0.4192E+01  0.0000E+00  0.0000E+00 -0.2500E+00  0.0000E+00  0.1934E+01  0.9168E-02
   0.00477  0.9850E+00  0.4112E+01  0.0000E+00  0.0000E+00 -0.2500E+00  0.0000E+00  0.1934E+01  0.9396E-02
   0.00489  0.9855E+00  0.4034E+01  0.0000E+00  0.0000E+00 -0.2500E+00  0.0000E+00  0.1934E+01  0.9623E-02
   0.00501  0.9860E+00  0.3959E+01  0.0000E+00  0.0000E+00 -0.2500E+00  0.0000E+00  0.1934E+01  0.9851E-02
   0.00512  0.9864E+00  0.3886E+01  0.0000E+00  0.0000E+00 -0.2500E+00  0.0000E+00  0.1935E+01  0.1008E-01
   0.00524  0.9869E+00  0.3815E+01  0.0000E+00  0.0000E+00 -0.2500E+00  0.0000E+00  0.1935E+01  0.1031E-01
   0.00536  0.9873E+00  0.3747E+01  0.0000E+00  0.0000E+00 -0.2500E+00  0.0000E+00  0.1935E+01  0.1053E-01
   0.00547  0.9877E+00  0.3680E+01  0.0000E+00  0.0000E+00 -0.2500E+00  0.0000E+00  0.1935E+01  0.1076E-01
   0.00559  0.9882E+00  0.3616E+01  0.0000E+00  0.0000E+00 -0.2500E+00  0.0000E+00  0.1935E+01  0.1099E-01
   0.00570  0.9886E+00  0.3555E+01  0.0000E+00  0.0000E+00 -0.2500E+00  0.0000E+00  0.1936E+01  0.1122E-01
   0.00582  0.9890E+00  0.3495E+01  0.0000E+00  0.0000E+00 -0.2500E+00  0.0000E+00  0.1936E+01  0.1145E-01
   0.00594  0.9894E+00  0.3437E+01  0.0000E+00  0.0000E+00 -0.2500E+00  0.0000E+00  0.1936E+01  0.1167E-01
   0.00605  0.9898E+00  0.3381E+01  0.0000E+00  0.0000E+00 -0.2500E+00  0.0000E+00  0.1936E+01  0.1190E-01
   0.00617  0.9902E+00  0.3326E+01  0.0000E+00  0.0000E+00 -0.2500E+00  0.0000E+00  0.1937E+01  0.1213E-01
   0.00629  0.9906E+00  0.3273E+01  0.0000E+00  0.0000E+00 -0.2500E+00  0.0000E+00  0.1937E+01  0.1236E-01
   0.00640  0.9909E+00  0.3220E+01  0.0000E+00  0.0000E+00 -0.2500E+00  0.0000E+00  0.1937E+01  0.1258E-01
   0.00652  0.9913E+00  0.3170E+01  0.0000E+00  0.0000E+00 -0.2500E+00  0.0000E+00  0.1938E+01  0.1281E-01
   0.00664  0.9917E+00  0.3120E+01  0.0000E+00  0.0000E+00 -0.2500E+00  0.0000E+00  0.1938E+01  0.1304E-01
   0.00675  0.9920E+00  0.3071E+01  0.0000E+00  0.0000E+00 -0.2500E+00  0.0000E+00  0.1938E+01  0.1327E-01
   0.00687  0.9924E+00  0.3024E+01  0.0000E+00  0.0000E+00 -0.2500E+00  0.0000E+00  0.1939E+01  0.1349E-01
   0.00699  0.9927E+00  0.2978E+01  0.0000E+00  0.0000E+00 -0.2500E+00  0.0000E+00  0.1939E+01  0.1372E-01
   0.00710  0.9931E+00  0.2932E+01  0.0000E+00  0.0000E+00 -0.2500E+00  0.0000E+00  0.1939E+01  0.1395E-01
   0.00722  0.9934E+00  0.2888E+01  0.0000E+00  0.0000E+00 -0.2500E+00  0.0000E+00  0.1940E+01  0.1418E-01
   0.00733  0.9938E+00  0.2844E+01  0.0000E+00  0.0000E+00 -0.2500E+00  0.0000E+00  0.1940E+01  0.1440E-01
   0.00745  0.9941E+00  0.2801E+01  0.0000E+00  0.0000E+00 -0.2500E+00  0.0000E+00  0.1940E+01  0.1463E-01
   0.00757  0.9944E+00  0.2760E+01  0.0000E+00  0.0000E+00 -0.2500E+00  0.0000E+00  0.1941E+01  0.1486E-01
   0.00768  0.9947E+00  0.2719E+01  0.0000E+00  0.0000E+00 -0.2500E+00  0.0000E+00  0.1941E+01  0.1509E-01
   0.00780  0.9950E+00  0.2680E+01  0.0000E+00  0.0000E+00 -0.2500E+00  0.0000E+00  0.1941E+01  0.1531E-01
   0.00792  0.9954E+00  0.2641E+01  0.0000E+00  0.0000E+00 -0.2500E+00  0.0000E+00  0.1942E+01  0.1554E-01
   0.00803  0.9957E+00  0.2604E+01  0.0000E+00  0.0000E+00 -0.2500E+00  0.0000E+00  0.1942E+01  0.1577E-01
   0.00815  0.9960E+00  0.2568E+01  0.0000E+00  0.0000E+00 -0.2500E+00  0.0000E+00  0.1942E+01  0.1600E-01
   0.00827  0.9963E+00  0.2533E+01  0.0000E+00  0.0000E+00 -0.2500E+00  0.0000E+00  0.1943E+01  0.1622E-01
   0.00838  0.9966E+00  0.2499E+01  0.0000E+00  0.0000E+00 -0.2500E+00  0.0000E+00  0.1943E+01  0.1645E-01
   0.00850  0.9968E+00  0.2466E+01  0.0000E+00  0.0000E+00 -0.2500E+00  0.0000E+00  0.1944E+01  0.1668E-01
   0.00862  0.9971E+00  0.2434E+01  0.0000E+00  0.0000E+00 -0.2500E+00  0.0000E+00  0.1944E+01  0.1691E-01
   0.00873  0.9974E+00  0.2402E+01  0.0000E+00  0.0000E+00 -0.2500E+00  0.0000E+00  0.1944E+01  0.1713E-01
   0.00885  0.9977E+00  0.2371E+01  0.0000E+00  0.0000E+00 -0.2500E+00  0.0000E+00  0.1945E+01  0.1736E-01
   0.00896  0.9980E+00  0.2341E+01  0.0000E+00  0.0000E+00 -0.2500E+00  0.0000E+00  0.1945E+01  0.1759E-01
   0.00908  0.9982E+00  0.2312E+01  0.0000E+00  0.0000E+00 -0.2500E+00  0.0000E+00  0.1946E+01  0.1782E-01
   0.00920  0.9985E+00  0.2282E+01  0.0000E+00  0.0000E+00 -0.2500E+00  0.0000E+00  0.1946E+01  0.1804E-01
   0.00931  0.9988E+00  0.2253E+01  0.0000E+00  0.0000E+00 -0.2500E+00  0.0000E+00  0.1946E+01  0.1827E-01
   0.00943  0.9990E+00  0.2224E+01  0.0000E+00  0.0000E+00 -0.2500E+00  0.0000E+00  0.1947E+01  0.1850E-01
   0.00955  0.9993E+00  0.2196E+01  0.0000E+00  0.0000E+00 -0.2500E+00  0.0000E+00  0.1947E+01  0.1873E-01
   0.00966  0.9995E+00  0.2167E+01  0.0000E+00  0.0000E+00 -0.2500E+00  0.0000E+00  0.1948E+01  0.1895E-01
   0.00978  0.9998E+00  0.2138E+01  0.0000E+00  0.0000E+00 -0.2500E+00  0.0000E+00  0.1948E+01  0.1918E-01
   0.00990  0.1000E+01  0.2109E+01  0.0000E+00  0.0000E+00 -0.2500E+00  0.0000E+00  0.1949E+01  0.1941E-01
   0.01001  0.1000E+01  0.2080E+01  0.0000E+00  0.0000E+00 -0.2500E+00  0.0000E+00  0.1949E+01  0.1964E-01
   0.01013  0.1001E+01  0.2051E+01  0.0000E+00  0.0000E+00 -0.2500E+00  0.0000E+00  0.1949E+01  0.1986E-01
   0.01025  0.1001E+01  0.2021E+01  0.0000E+00  0.0000E+00 -0.2500E+00  0.0000E+00  0.1950E+01  0.2009E-01
   0.01036  0.1001E+01  0.1992E+01  0.0000E+00  0.0000E+00 -0.2500E+00  0.0000E+00  0.1950E+01  0.2032E-01
   0.01048  0.1001E+01  0.1960E+01  0.0000E+00  0.0000E+00 -0.2500E+00  0.0000E+00  0.1951E+01  0.2055E-01
   0.01059  0.1001E+01  0.1928E+01  0.0000E+00  0.0000E+00 -0.2500E+00  0.0000E+00  0.1951E+01  0.2077E-01
   0.01071  0.1002E+01  0.1897E+01  0.0000E+00  0.0000E+00 -0.2500E+00  0.0000E+00  0.1952E+01  0.2100E-01
   0.01083  0.1002E+01  0.1868E+01  0.0000E+00  0.0000E+00 -0.2500E+00  0.0000E+00  0.1952E+01  0.2123E-01
   0.01094  0.1002E+01  0.1839E+01  0.0000E+00  0.0000E+00 -0.2500E+00  0.0000E+00  0.1953E+01  0.2146E-01
   0.01106  0.1002E+01  0.1813E+01  0.0000E+00  0.0000E+00 -0.2500E+00  0.0000E+00  0.1953E+01  0.2168E-01
   0.01118  0.1003E+01  0.1788E+01  0.0000E+00  0.0000E+00 -0.2500E+00  0.0000E+00  0.1954E+01  0.2191E-01
   0.01129  0.1003E+01  0.1766E+01  0.0000E+00  0.0000E+00 -0.2500E+00  0.0000E+00  0.1954E+01  0.2214E-01
   0.01141  0.1003E+01  0.1747E+01  0.0000E+00  0.0000E+00 -0.2500E+00  0.0000E+00  0.1955E+01  0.2237E-01
   0.01153  0.1003E+01  0.1730E+01  0.0000E+00  0.0000E+00 -0.2500E+00  0.0000E+00  0.1955E+01  0.2259E-01
   0.01164  0.1003E+01  0.1717E+01  0.0000E+00  0.0000E+00 -0.2500E+00  0.0000E+00  0.1956E+01  0.2282E-01
   0.01176  0.1004E+01  0.1708E+01  0.0000E+00  0.0000E+00 -0.2500E+00  0.0000E+00  0.1956E+01  0.2305E-01
   0.01188  0.1004E+01  0.1705E+01  0.0000E+00  0.0000E+00 -0.2500E+00  0.0000E+00  0.1956E+01  0.2328E-01
   0.01199  0.1004E+01  0.1708E+01  0.0000E+00  0.0000E+00 -0.2500E+00  0.0000E+00  0.1956E+01  0.2350E-01
   0.01211  0.1004E+01  0.1723E+01  0.0000E+00  0.0000E+00 -0.2500E+00  0.0000E+00  0.1956E+01  0.2373E-01
   0.01223  0.1004E+01  0.1758E+01  0.0000E+00  0.0000E+00 -0.2500E+00  0.0000E+00  0.1955E+01  0.2396E-01
   0.01234  0.1005E+01  0.1810E+01  0.0000E+00  0.0000E+00 -0.2500E+00  0.0000E+00  0.1954E+01  0.2418E-01
   0.01246  0.1005E+01  0.1880E+01  0.0000E+00  0.0000E+00 -0.2500E+00  0.0000E+00  0.1953E+01  0.2441E-01
   0.01257  0.1005E+01  0.1958E+01  0.0000E+00  0.0000E+00 -0.2500E+00  0.0000E+00  0.1951E+01  0.2464E-01
   0.01269  0.1005E+01  0.2039E+01  0.0000E+00  0.0000E+00 -0.2500E+00  0.0000E+00  0.1950E+01  0.2486E-01
   0.01281  0.1005E+01  0.2124E+01  0.0000E+00  0.0000E+00 -0.2500E+00  0.0000E+00  0.1948E+01  0.2509E-01
   0.01292  0.1006E+01  0.2211E+01  0.0000E+00  0.0000E+00 -0.2500E+00  0.0000E+00  0.1946E+01  0.2532E-01
   0.01304  0.1006E+01  0.2302E+01  0.0000E+00  0.0000E+00 -0.2500E+00  0.0000E+00  0.1943E+01  0.2554E-01
   0.01316  0.1006E+01  0.2394E+01  0.0000E+00  0.0000E+00 -0.2500E+00  0.0000E+00  0.1941E+01  0.2577E-01
   0.01327  0.1007E+01  0.2487E+01  0.0000E+00  0.0000E+00 -0.2500E+00  0.0000E+00  0.1938E+01  0.2599E-01
   0.01339  0.1007E+01  0.2582E+01  0.0000E+00  0.0000E+00 -0.2500E+00  0.0000E+00  0.1935E+01  0.2622E-01
   0.01351  0.1007E+01  0.2678E+01  0.0000E+00  0.0000E+00 -0.2500E+00  0.0000E+00  0.1932E+01  0.2644E-01
   0.01362  0.1007E+01  0.2776E+01  0.0000E+00  0.0000E+00 -0.2500E+00  0.0000E+00  0.1929E+01  0.2666E-01
   0.01374  0.1008E+01  0.2882E+01  0.0000E+00  0.0000E+00 -0.2500E+00  0.0000E+00  0.1926E+01  0.2689E-01
   0.01386  0.1008E+01  0.2999E+01  0.0000E+00  0.0000E+00 -0.2500E+00  0.0000E+00  0.1922E+01  0.2711E-01
   0.01397  0.1008E+01  0.3127E+01  0.0000E+00  0.0000E+00 -0.2500E+00  0.0000E+00  0.1919E+01  0.2733E-01
   0.01409  0.1009E+01  0.3264E+01  0.0000E+00  0.0000E+00 -0.2500E+00  0.0000E+00  0.1915E+01  0.2755E-01
   0.01420  0.1009E+01  0.3413E+01  0.0000E+00  0.0000E+00 -0.2500E+00  0.0000E+00  0.1911E+01  0.2778E-01
   0.01432  0.1010E+01  0.3570E+01  0.0000E+00  0.0000E+00 -0.2500E+00  0.0000E+00  0.1906E+01  0.2800E-01
   0.01444  0.1010E+01  0.3733E+01  0.0000E+00  0.0000E+00 -0.2500E+00  0.0000E+00  0.1902E+01  0.2822E-01
   0.01455  0.1011E+01  0.3897E+01  0.0000E+00  0.0000E+00 -0.2500E+00  0.0000E+00  0.1898E+01  0.2844E-01
   0.01467  0.1011E+01  0.4062E+01  0.0000E+00  0.0000E+00 -0.2500E+00  0.0000E+00  0.1893E+01  0.2866E-01
   0.01479  0.1011E+01  0.4229E+01  0.0000E+00  0.0000E+00 -0.2500E+00  0.0000E+00  0.1888E+01  0.2887E-01
   0.01490  0.1012E+01  0.4397E+01  0.0000E+00  0.0000E+00 -0.2500E+00  0.0000E+00  0.1884E+01  0.2909E-01
   0.01502  0.1012E+01  0.4566E+01  0.0000E+00  0.0000E+00 -0.2500E+00  0.0000E+00  0.1879E+01  0.2931E-01
   0.01514  0.1013E+01  0.4737E+01  0.0000E+00  0.0000E+00 -0.2500E+00  0.0000E+00  0.1874E+01  0.2953E-01
   0.01525  0.1014E+01  0.4908E+01  0.0000E+00  0.0000E+00 -0.2500E+00  0.0000E+00  0.1868E+01  0.2974E-01
   0.01537  0.1014E+01  0.5079E+01  0.0000E+00  0.0000E+00 -0.2500E+00  0.0000E+00  0.1863E+01  0.2996E-01
   0.01549  0.1015E+01  0.5249E+01  0.0000E+00  0.0000E+00 -0.2500E+00  0.0000E+00  0.1858E+01  0.3017E-01
   0.01560  0.1015E+01  0.5419E+01  0.0000E+00  0.0000E+00 -0.2500E+00  0.0000E+00  0.1852E+01  0.3039E-01
   0.01572  0.1016E+01  0.5590E+01  0.0000E+00  0.0000E+00 -0.2500E+00  0.0000E+00  0.1847E+01  0.3060E-01
   0.01583  0.1017E+01  0.5759E+01  0.0000E+00  0.0000E+00 -0.2500E+00  0.0000E+00  0.1841E+01  0.3081E-01
   0.01595  0.1017E+01  0.5929E+01  0.0000E+00  0.0000E+00 -0.2500E+00  0.0000E+00  0.1835E+01  0.3102E-01
   0.01607  0.1018E+01  0.6101E+01  0.0000E+00  0.0000E+00 -0.2500E+00  0.0000E+00  0.1829E+01  0.3124E-01
   0.01618  0.1019E+01  0.6276E+01  0.0000E+00  0.0000E+00 -0.2500E+00  0.0000E+00  0.1823E+01  0.3145E-01
   0.01630  0.1020E+01  0.6456E+01  0.0000E+00  0.0000E+00 -0.2500E+00  0.0000E+00  0.1817E+01  0.3166E-01
   0.01642  0.1020E+01  0.6639E+01  0.0000E+00  0.0000E+00 -0.2500E+00  0.0000E+00  0.1811E+01  0.3186E-01
   0.01653  0.1021E+01  0.6825E+01  0.0000E+00  0.0000E+00 -0.2500E+00  0.0000E+00  0.1805E+01  0.3207E-01
   0.01665  0.1022E+01  0.7016E+01  0.0000E+00  0.0000E+00 -0.2500E+00  0.0000E+00  0.1798E+01  0.3228E-01
   0.01677  0.1023E+01  0.7210E+01  0.0000E+00  0.0000E+00 -0.2500E+00  0.0000E+00  0.1792E+01  0.3249E-01
   0.01688  0.1024E+01  0.7407E+01  0.0000E+00  0.0000E+00 -0.2500E+00  0.0000E+00  0.1786E+01  0.3269E-01
   0.01700  0.1024E+01  0.7605E+01  0.0000E+00  0.0000E+00 -0.2500E+00  0.0000E+00  0.1779E+01  0.3290E-01
   0.01712  0.1025E+01  0.7802E+01  0.0000E+00  0.0000E+00 -0.2500E+00  0.0000E+00  0.1772E+01  0.3310E-01
   0.01723  0.1026E+01  0.7998E+01  0.0000E+00  0.0000E+00 -0.2500E+00  0.0000E+00  0.1766E+01  0.3330E-01
   0.01735  0.1027E+01  0.8193E+01  0.0000E+00  0.0000E+00 -0.2500E+00  0.0000E+00  0.1759E+01  0.3351E-01
   0.01746  0.1028E+01  0.8387E+01  0.0000E+00  0.0000E+00 -0.2500E+00  0.0000E+00  0.1752E+01  0.3371E-01
   0.01758  0.1029E+01  0.8580E+01  0.0000E+00  0.0000E+00 -0.2500E+00  0.0000E+00  0.1745E+01  0.3391E-01
   0.01770  0.1030E+01  0.8772E+01  0.0000E+00  0.0000E+00 -0.2500E+00  0.0000E+00  0.1738E+01  0.3411E-01
   0.01781  0.1031E+01  0.8963E+01  0.0000E+00  0.0000E+00 -0.2500E+00  0.0000E+00  0.1731E+01  0.3431E-01
   0.01793  0.1032E+01  0.9153E+01  0.0000E+00  0.0000E+00 -0.2500E+00  0.0000E+00  0.1724E+01  0.3451E-01
   0.01805  0.1033E+01  0.9345E+01  0.0000E+00  0.0000E+00 -0.2500E+00  0.0000E+00  0.1717E+01  0.3470E-01
   0.01816  0.1034E+01  0.9538E+01  0.0000E+00  0.0000E+00 -0.2500E+00  0.0000E+00  0.1710E+01  0.3490E-01
   0.01828  0.1036E+01  0.9732E+01  0.0000E+00  0.0000E+00 -0.2500E+00  0.0000E+00  0.1703E+01  0.3510E-01
   0.01840  0.1037E+01  0.9927E+01  0.0000E+00  0.0000E+00 -0.2500E+00  0.0000E+00  0.1696E+01  0.3529E-01
   0.01851  0.1038E+01  0.1012E+02  0.0000E+00  0.0000E+00 -0.2500E+00  0.0000E+00  0.1688E+01  0.3548E-01
   0.01863  0.1039E+01  0.1032E+02  0.0000E+00  0.0000E+00 -0.2500E+00  0.0000E+00  0.1681E+01  0.3568E-01
   0.01875  0.1040E+01  0.1052E+02  0.0000E+00  0.0000E+00 -0.2500E+00  0.0000E+00  0.1674E+01  0.3587E-01
   0.01886  0.1042E+01  0.1072E+02  0.0000E+00  0.0000E+00 -0.2500E+00  0.0000E+00  0.1666E+01  0.3606E-01
   0.01898  0.1043E+01  0.1092E+02  0.0000E+00  0.0000E+00 -0.2500E+00  0.0000E+00  0.1659E+01  0.3625E-01
   0.01910  0.1044E+01  0.1112E+02  0.0000E+00  0.0000E+00 -0.2500E+00  0.0000E+00  0.1651E+01  0.3644E-01
   0.01921  0.1045E+01  0.1132E+02  0.0000E+00  0.0000E+00 -0.2500E+00  0.0000E+00  0.1643E+01  0.3663E-01
   0.01933  0.1047E+01  0.1153E+02  0.0000E+00  0.0000E+00 -0.2500E+00  0.0000E+00  0.1636E+01  0.3682E-01
   0.01944  0.1048E+01  0.1173E+02  0.0000E+00  0.0000E+00 -0.2500E+00  0.0000E+00  0.1628E+01  0.3700E-01
   0.01956  0.1049E+01  0.1193E+02  0.0000E+00  0.0000E+00 -0.2500E+00  0.0000E+00  0.1620E+01  0.3719E-01
   0.01968  0.1051E+01  0.1214E+02  0.0000E+00  0.0000E+00 -0.2500E+00  0.0000E+00  0.1613E+01  0.3737E-01
   0.01979  0.1052E+01  0.1234E+02  0.0000E+00  0.0000E+00 -0.2500E+00  0.0000E+00  0.1605E+01  0.3756E-01
   0.01991  0.1054E+01  0.1255E+02  0.0000E+00  0.0000E+00 -0.2500E+00  0.0000E+00  0.1597E+01  0.3774E-01
   0.02003  0.1055E+01  0.1276E+02  0.0000E+00  0.0000E+00 -0.2500E+00  0.0000E+00  0.1589E+01  0.3792E-01
   0.02014  0.1057E+01  0.1297E+02  0.0000E+00  0.0000E+00 -0.2500E+00  0.0000E+00  0.1581E+01  0.3810E-01
   0.02026  0.1058E+01  0.1317E+02  0.0000E+00  0.0000E+00 -0.2500E+00  0.0000E+00  0.1574E+01  0.3828E-01
   0.02038  0.1060E+01  0.1338E+02  0.0000E+00  0.0000E+00 -0.2500E+00  0.0000E+00  0.1566E+01  0.3846E-01
   0.02049  0.1061E+01  0.1359E+02  0.0000E+00  0.0000E+00 -0.2500E+00  0.0000E+00  0.1558E+01  0.3864E-01
   0.02061  0.1063E+01  0.1380E+02  0.0000E+00  0.0000E+00 -0.2500E+00  0.0000E+00  0.1550E+01  0.3881E-01
   0.02073  0.1065E+01  0.1401E+02  0.0000E+00  0.0000E+00 -0.2500E+00  0.0000E+00  0.1542E+01  0.3899E-01
   0.02084  0.1066E+01  0.1421E+02  0.0000E+00  0.0000E+00 -0.2500E+00  0.0000E+00  0.1534E+01  0.3917E-01
   0.02096  0.1068E+01  0.1442E+02  0.0000E+00  0.0000E+00 -0.2500E+00  0.0000E+00  0.1525E+01  0.3934E-01
   0.02107  0.1070E+01  0.1463E+02  0.0000E+00  0.0000E+00 -0.2500E+00  0.0000E+00  0.1517E+01  0.3951E-01
   0.02119  0.1071E+01  0.1484E+02  0.0000E+00  0.0000E+00 -0.2500E+00  0.0000E+00  0.1509E+01  0.3968E-01
   0.02131  0.1073E+01  0.1505E+02  0.0000E+00  0.0000E+00 -0.2500E+00  0.0000E+00  0.1501E+01  0.3986E-01
   0.02142  0.1075E+01  0.1526E+02  0.0000E+00  0.0000E+00 -0.2500E+00  0.0000E+00  0.1493E+01  0.4003E-01
   0.02154  0.1077E+01  0.1547E+02  0.0000E+00  0.0000E+00 -0.2500E+00  0.0000E+00  0.1485E+01  0.4019E-01
   0.02166  0.1078E+01  0.1568E+02  0.0000E+00  0.0000E+00 -0.2500E+00  0.0000E+00  0.1476E+01  0.4036E-01
   0.02177  0.1080E+01  0.1590E+02  0.0000E+00  0.0000E+00 -0.2500E+00  0.0000E+00  0.1468E+01  0.4053E-01
   0.02189  0.1082E+01  0.1611E+02  0.0000E+00  0.0000E+00 -0.2500E+00  0.0000E+00  0.1460E+01  0.4070E-01
   0.02201  0.1084E+01  0.1632E+02  0.0000E+00  0.0000E+00 -0.2500E+00  0.0000E+00  0.1452E+01  0.4086E-01
   0.02212  0.1086E+01  0.1654E+02  0.0000E+00  0.0000E+00 -0.2500E+00  0.0000E+00  0.1443E+01  0.4102E-01
   0.02224  0.1088E+01  0.1675E+02  0.0000E+00  0.0000E+00 -0.2500E+00  0.0000E+00  0.1435E+01  0.4119E-01
   0.02236  0.1090E+01  0.1697E+02  0.0000E+00  0.0000E+00 -0.2500E+00  0.0000E+00  0.1426E+01  0.4135E-01
   0.02247  0.1092E+01  0.1719E+02  0.0000E+00  0.0000E+00 -0.2500E+00  0.0000E+00  0.1418E+01  0.4151E-01
   0.02259  0.1094E+01  0.1741E+02  0.0000E+00  0.0000E+00 -0.2500E+00  0.0000E+00  0.1410E+01  0.4167E-01
   0.02270  0.1096E+01  0.1763E+02  0.0000E+00  0.0000E+00 -0.2500E+00  0.0000E+00  0.1401E+01  0.4183E-01
   0.02282  0.1098E+01  0.1785E+02  0.0000E+00  0.0000E+00 -0.2500E+00  0.0000E+00  0.1393E+01  0.4199E-01
   0.02294  0.1100E+01  0.1807E+02  0.0000E+00  0.0000E+00 -0.2500E+00  0.0000E+00  0.1384E+01  0.4214E-01
   0.02305  0.1102E+01  0.1829E+02  0.0000E+00  0.0000E+00 -0.2500E+00  0.0000E+00  0.1376E+01  0.4230E-01
   0.02317  0.1104E+01  0.1852E+02  0.0000E+00  0.0000E+00 -0.2500E+00  0.0000E+00  0.1367E+01  0.4245E-01
   0.02329  0.1106E+01  0.1874E+02  0.0000E+00  0.0000E+00 -0.2500E+00  0.0000E+00  0.1359E+01  0.4261E-01
   0.02340  0.1109E+01  0.1897E+02  0.0000E+00  0.0000E+00 -0.2500E+00  0.0000E+00  0.1350E+01  0.4276E-01
   0.02352  0.1111E+01  0.1919E+02  0.0000E+00  0.0000E+00 -0.2500E+00  0.0000E+00  0.1342E+01  0.4291E-01
   0.02364  0.1113E+01  0.1942E+02  0.0000E+00  0.0000E+00 -0.2500E+00  0.0000E+00  0.1333E+01  0.4306E-01
   0.02375  0.1115E+01  0.1965E+02  0.0000E+00  0.0000E+00 -0.2500E+00  0.0000E+00  0.1325E+01  0.4321E-01
   0.02387  0.1118E+01  0.1988E+02  0.0000E+00  0.0000E+00 -0.2500E+00  0.0000E+00  0.1316E+01  0.4336E-01
   0.02399  0.1120E+01  0.2011E+02  0.0000E+00  0.0000E+00 -0.2500E+00  0.0000E+00  0.1308E+01  0.4351E-01
   0.02410  0.1122E+01  0.2034E+02  0.0000E+00  0.0000E+00 -0.2500E+00  0.0000E+00  0.1299E+01  0.4366E-01
   0.02422  0.1125E+01  0.2057E+02  0.0000E+00  0.0000E+00 -0.2500E+00  0.0000E+00  0.1291E+01  0.4380E-01
   0.02433  0.1127E+01  0.2080E+02  0.0000E+00  0.0000E+00 -0.2500E+00  0.0000E+00  0.1282E+01  0.4395E-01
   0.02445  0.1130E+01  0.2103E+02  0.0000E+00  0.0000E+00 -0.2500E+00  0.0000E+00  0.1273E+01  0.4409E-01
   0.02457  0.1132E+01  0.2126E+02  0.0000E+00  0.0000E+00 -0.2500E+00  0.0000E+00  0.1265E+01  0.4423E-01
   0.02468  0.1134E+01  0.2150E+02  0.0000E+00  0.0000E+00 -0.2500E+00  0.0000E+00  0.1256E+01  0.4437E-01
   0.02480  0.1137E+01  0.2173E+02  0.0000E+00  0.0000E+00 -0.2500E+00  0.0000E+00  0.1248E+01  0.4451E-01
   0.02492  0.1140E+01  0.2197E+02  0.0000E+00  0.0000E+00 -0.2500E+00  0.0000E+00  0.1239E+01  0.4465E-01
   0.02503  0.1142E+01  0.2220E+02  0.0000E+00  0.0000E+00 -0.2500E+00  0.0000E+00  0.1230E+01  0.4479E-01
   0.02515  0.1145E+01  0.2244E+02  0.0000E+00  0.0000E+00 -0.2500E+00  0.0000E+00  0.1222E+01  0.4493E-01
   0.02527  0.1147E+01  0.2268E+02  0.0000E+00  0.0000E+00 -0.2500E+00  0.0000E+00  0.1213E+01  0.4507E-01
   0.02538  0.1150E+01  0.2292E+02  0.0000E+00  0.0000E+00 -0.2500E+00  0.0000E+00  0.1204E+01  0.4520E-01
   0.02550  0.1153E+01  0.2316E+02  0.0000E+00  0.0000E+00 -0.2500E+00  0.0000E+00  0.1196E+01  0.4534E-01
   0.02562  0.1155E+01  0.2341E+02  0.0000E+00  0.0000E+00 -0.2500E+00  0.0000E+00  0.1187E+01  0.4547E-01
   0.02573  0.1158E+01  0.2365E+02  0.0000E+00  0.0000E+00 -0.2500E+00  0.0000E+00  0.1178E+01  0.4560E-01
   0.02585  0.1161E+01  0.2390E+02  0.0000E+00  0.0000E+00 -0.2500E+00  0.0000E+00  0.1170E+01  0.4573E-01
   0.02597  0.1164E+01  0.2414E+02  0.0000E+00  0.0000E+00 -0.2500E+00  0.0000E+00  0.1161E+01  0.4586E-01
   0.02608  0.1167E+01  0.2439E+02  0.0000E+00  0.0000E+00 -0.2500E+00  0.0000E+00  0.1152E+01  0.4599E-01
   0.02620  0.1169E+01  0.2464E+02  0.0000E+00  0.0000E+00 -0.2500E+00  0.0000E+00  0.1143E+01  0.4612E-01
   0.02631  0.1172E+01  0.2489E+02  0.0000E+00  0.0000E+00 -0.2500E+00  0.0000E+00  0.1135E+01  0.4625E-01
   0.02643  0.1175E+01  0.2514E+02  0.0000E+00  0.0000E+00 -0.2500E+00  0.0000E+00  0.1126E+01  0.4637E-01
   0.02655  0.1178E+01  0.2540E+02  0.0000E+00  0.0000E+00 -0.2500E+00  0.0000E+00  0.1117E+01  0.4650E-01
   0.02666  0.1181E+01  0.2566E+02  0.0000E+00  0.0000E+00 -0.2500E+00  0.0000E+00  0.1109E+01  0.4662E-01
   0.02678  0.1184E+01  0.2591E+02  0.0000E+00  0.0000E+00 -0.2500E+00  0.0000E+00  0.1100E+01  0.4674E-01
   0.02690  0.1187E+01  0.2617E+02  0.0000E+00  0.0000E+00 -0.2500E+00  0.0000E+00  0.1091E+01  0.4687E-01
   0.02701  0.1190E+01  0.2644E+02  0.0000E+00  0.0000E+00 -0.2500E+00  0.0000E+00  0.1083E+01  0.4699E-01
   0.02713  0.1193E+01  0.2670E+02  0.0000E+00  0.0000E+00 -0.2500E+00  0.0000E+00  0.1074E+01  0.4711E-01
   0.02725  0.1196E+01  0.2697E+02  0.0000E+00  0.0000E+00 -0.2500E+00  0.0000E+00  0.1065E+01  0.4722E-01
   0.02736  0.1200E+01  0.2723E+02  0.0000E+00  0.0000E+00 -0.2500E+00  0.0000E+00  0.1056E+01  0.4734E-01
   0.02748  0.1203E+01  0.2750E+02  0.0000E+00  0.0000E+00 -0.2500E+00  0.0000E+00  0.1048E+01  0.4746E-01
   0.02760  0.1206E+01  0.2777E+02  0.0000E+00  0.0000E+00 -0.2500E+00  0.0000E+00  0.1039E+01  0.4757E-01
   0.02771  0.1209E+01  0.2804E+02  0.0000E+00  0.0000E+00 -0.2500E+00  0.0000E+00  0.1030E+01  0.4769E-01
   0.02783  0.1212E+01  0.2831E+02  0.0000E+00  0.0000E+00 -0.2500E+00  0.0000E+00  0.1022E+01  0.4780E-01
   0.02794  0.1216E+01  0.2858E+02  0.0000E+00  0.0000E+00 -0.2500E+00  0.0000E+00  0.1013E+01  0.4791E-01
   0.02806  0.1219E+01  0.2886E+02  0.0000E+00  0.0000E+00 -0.2500E+00  0.0000E+00  0.1004E+01  0.4803E-01
   0.02818  0.1223E+01  0.2913E+02  0.0000E+00  0.0000E+00 -0.2500E+00  0.0000E+00  0.9955E+00  0.4814E-01
   0.02829  0.1226E+01  0.2941E+02  0.0000E+00  0.0000E+00 -0.2500E+00  0.0000E+00  0.9868E+00  0.4824E-01
   0.02841  0.1229E+01  0.2968E+02  0.0000E+00  0.0000E+00 -0.2500E+00  0.0000E+00  0.9781E+00  0.4835E-01
   0.02853  0.1233E+01  0.2996E+02  0.0000E+00  0.0000E+00 -0.2500E+00  0.0000E+00  0.9694E+00  0.4846E-01
   0.02864  0.1236E+01  0.3024E+02  0.0000E+00  0.0000E+00 -0.2500E+00  0.0000E+00  0.9608E+00  0.4857E-01
   0.02876  0.1240E+01  0.3052E+02  0.0000E+00  0.0000E+00 -0.2500E+00  0.0000E+00  0.9521E+00  0.4867E-01
   0.02888  0.1243E+01  0.3081E+02  0.0000E+00  0.0000E+00 -0.2500E+00  0.0000E+00  0.9434E+00  0.4878E-01
   0.02899  0.1247E+01  0.3109E+02  0.0000E+00  0.0000E+00 -0.2500E+00  0.0000E+00  0.9347E+00  0.4888E-01
   0.02911  0.1251E+01  0.3138E+02  0.0000E+00  0.0000E+00 -0.2500E+00  0.0000E+00  0.9261E+00  0.4898E-01
   0.02923  0.1254E+01  0.3167E+02  0.0000E+00  0.0000E+00 -0.2500E+00  0.0000E+00  0.9174E+00  0.4908E-01
   0.02934  0.1258E+01  0.3197E+02  0.0000E+00  0.0000E+00 -0.2500E+00  0.0000E+00  0.9088E+00  0.4918E-01
   0.02946  0.1262E+01  0.3227E+02  0.0000E+00  0.0000E+00 -0.2500E+00  0.0000E+00  0.9001E+00  0.4928E-01
   0.02957  0.1266E+01  0.3256E+02  0.0000E+00  0.0000E+00 -0.2500E+00  0.0000E+00  0.8915E+00  0.4938E-01
   0.02969  0.1269E+01  0.3287E+02  0.0000E+00  0.0000E+00 -0.2500E+00  0.0000E+00  0.8829E+00  0.4948E-01
   0.02981  0.1273E+01  0.3317E+02  0.0000E+00  0.0000E+00 -0.2500E+00  0.0000E+00  0.8743E+00  0.4957E-01
   0.02992  0.1277E+01  0.3348E+02  0.0000E+00  0.0000E+00 -0.2500E+00  0.0000E+00  0.8656E+00  0.4967E-01
   0.03004  0.1281E+01  0.3378E+02  0.0000E+00  0.0000E+00 -0.2500E+00  0.0000E+00  0.8570E+00  0.4976E-01
   0.03016  0.1285E+01  0.3410E+02  0.0000E+00  0.0000E+00 -0.2500E+00  0.0000E+00  0.8484E+00  0.4985E-01
   0.03027  0.1289E+01  0.3441E+02  0.0000E+00  0.0000E+00 -0.2500E+00  0.0000E+00  0.8398E+00  0.4994E-01
   0.03039  0.1293E+01  0.3472E+02  0.0000E+00  0.0000E+00 -0.2500E+00  0.0000E+00  0.8313E+00  0.5004E-01
   0.03051  0.1297E+01  0.3504E+02  0.0000E+00  0.0000E+00 -0.2500E+00  0.0000E+00  0.8227E+00  0.5012E-01
   0.03062  0.1301E+01  0.3536E+02  0.0000E+00  0.0000E+00 -0.2500E+00  0.0000E+00  0.8142E+00  0.5021E-01
   0.03074  0.1305E+01  0.3568E+02  0.0000E+00  0.0000E+00 -0.2500E+00  0.0000E+00  0.8056E+00  0.5030E-01
   0.03086  0.1309E+01  0.3600E+02  0.0000E+00  0.0000E+00 -0.2500E+00  0.0000E+00  0.7971E+00  0.5039E-01
   0.03097  0.1314E+01  0.3633E+02  0.0000E+00  0.0000E+00 -0.2500E+00  0.0000E+00  0.7886E+00  0.5047E-01
   0.03109  0.1318E+01  0.3666E+02  0.0000E+00  0.0000E+00 -0.2500E+00  0.0000E+00  0.7801E+00  0.5056E-01
   0.03120  0.1322E+01  0.3698E+02  0.0000E+00  0.0000E+00 -0.2500E+00  0.0000E+00  0.7716E+00  0.5064E-01
   0.03132  0.1327E+01  0.3732E+02  0.0000E+00  0.0000E+00 -0.2500E+00  0.0000E+00  0.7631E+00  0.5072E-01
   0.03144  0.1331E+01  0.3765E+02  0.0000E+00  0.0000E+00 -0.2500E+00  0.0000E+00  0.7546E+00  0.5081E-01
   0.03155  0.1335E+01  0.3798E+02  0.0000E+00  0.0000E+00 -0.2500E+00  0.0000E+00  0.7461E+00  0.5089E-01
   0.03167  0.1340E+01  0.3832E+02  0.0000E+00  0.0000E+00 -0.2500E+00  0.0000E+00  0.7377E+00  0.5097E-01
   0.03179  0.1344E+01  0.3866E+02  0.0000E+00  0.0000E+00 -0.2500E+00  0.0000E+00  0.7292E+00  0.5105E-01
   0.03190  0.1349E+01  0.3900E+02  0.0000E+00  0.0000E+00 -0.2500E+00  0.0000E+00  0.7208E+00  0.5112E-01
   0.03202  0.1353E+01  0.3935E+02  0.0000E+00  0.0000E+00 -0.2500E+00  0.0000E+00  0.7124E+00  0.5120E-01
   0.03214  0.1358E+01  0.3969E+02  0.0000E+00  0.0000E+00 -0.2500E+00  0.0000E+00  0.7040E+00  0.5128E-01
   0.03225  0.1363E+01  0.4004E+02  0.0000E+00  0.0000E+00 -0.2500E+00  0.0000E+00  0.6957E+00  0.5135E-01
   0.03237  0.1367E+01  0.4039E+02  0.0000E+00  0.0000E+00 -0.2500E+00  0.0000E+00  0.6873E+00  0.5142E-01
   0.03249  0.1372E+01  0.4075E+02  0.0000E+00  0.0000E+00 -0.2500E+00  0.0000E+00  0.6790E+00  0.5150E-01
   0.03260  0.1377E+01  0.4110E+02  0.0000E+00  0.0000E+00 -0.2500E+00  0.0000E+00  0.6706E+00  0.5157E-01
   0.03272  0.1382E+01  0.4146E+02  0.0000E+00  0.0000E+00 -0.2500E+00  0.0000E+00  0.6623E+00  0.5164E-01
   0.03284  0.1386E+01  0.4182E+02  0.0000E+00  0.0000E+00 -0.2500E+00  0.0000E+00  0.6540E+00  0.5171E-01
   0.03295  0.1391E+01  0.4219E+02  0.0000E+00  0.0000E+00 -0.2500E+00  0.0000E+00  0.6457E+00  0.5178E-01
   0.03307  0.1396E+01  0.4256E+02  0.0000E+00  0.0000E+00 -0.2500E+00  0.0000E+00  0.6375E+00  0.5185E-01
   0.03318  0.1401E+01  0.4293E+02  0.0000E+00  0.0000E+00 -0.2500E+00  0.0000E+00  0.6293E+00  0.5191E-01
   0.03330  0.1406E+01  0.4331E+02  0.0000E+00  0.0000E+00 -0.2500E+00  0.0000E+00  0.6211E+00  0.5198E-01
   0.03342  0.1411E+01  0.4370E+02  0.0000E+00  0.0000E+00 -0.2500E+00  0.0000E+00  0.6129E+00  0.5205E-01
   0.03353  0.1416E+01  0.4408E+02  0.0000E+00  0.0000E+00 -0.2500E+00  0.0000E+00  0.6047E+00  0.5211E-01
   0.03365  0.1422E+01  0.4448E+02  0.0000E+00  0.0000E+00 -0.2500E+00  0.0000E+00  0.5966E+00  0.5217E-01
   0.03377  0.1427E+01  0.4487E+02  0.0000E+00  0.0000E+00 -0.2500E+00  0.0000E+00  0.5884E+00  0.5223E-01
   0.03388  0.1432E+01  0.4527E+02  0.0000E+00  0.0000E+00 -0.2500E+00  0.0000E+00  0.5803E+00  0.5230E-01
   0.03400  0.1437E+01  0.4568E+02  0.0000E+00  0.0000E+00 -0.2500E+00  0.0000E+00  0.5722E+00  0.5236E-01
   0.03412  0.1443E+01  0.4609E+02  0.0000E+00  0.0000E+00 -0.2500E+00  0.0000E+00  0.5642E+00  0.5241E-01
   0.03423  0.1448E+01  0.4650E+02  0.0000E+00  0.0000E+00 -0.2500E+00  0.0000E+00  0.5561E+00  0.5247E-01
   0.03435  0.1453E+01  0.4691E+02  0.0000E+00  0.0000E+00 -0.2500E+00  0.0000E+00  0.5481E+00  0.5253E-01
   0.03447  0.1459E+01  0.4733E+02  0.0000E+00  0.0000E+00 -0.2500E+00  0.0000E+00  0.5401E+00  0.5259E-01
   0.03458  0.1464E+01  0.4774E+02  0.0000E+00  0.0000E+00 -0.2500E+00  0.0000E+00  0.5322E+00  0.5264E-01
   0.03470  0.1470E+01  0.4816E+02  0.0000E+00  0.0000E+00 -0.2500E+00  0.0000E+00  0.5242E+00  0.5270E-01
   0.03481  0.1476E+01  0.4859E+02  0.0000E+00  0.0000E+00 -0.2500E+00  0.0000E+00  0.5163E+00  0.5275E-01
   0.03493  0.1481E+01  0.4901E+02  0.0000E+00  0.0000E+00 -0.2500E+00  0.0000E+00  0.5084E+00  0.5280E-01
   0.03505  0.1487E+01  0.4943E+02  0.0000E+00  0.0000E+00 -0.2500E+00  0.0000E+00  0.5006E+00  0.5285E-01
   0.03516  0.1493E+01  0.4986E+02  0.0000E+00  0.0000E+00 -0.2500E+00  0.0000E+00  0.4928E+00  0.5290E-01
   0.03528  0.1499E+01  0.5029E+02  0.0000E+00  0.0000E+00 -0.2500E+00  0.0000E+00  0.4849E+00  0.5295E-01
   0.03540  0.1505E+01  0.5072E+02  0.0000E+00  0.0000E+00 -0.2500E+00  0.0000E+00  0.4772E+00  0.5300E-01
   0.03551  0.1511E+01  0.5116E+02  0.0000E+00  0.0000E+00 -0.2500E+00  0.0000E+00  0.4694E+00  0.5305E-01
   0.03563  0.1517E+01  0.5159E+02  0.0000E+00  0.0000E+00 -0.2500E+00  0.0000E+00  0.4617E+00  0.5310E-01
   0.03575  0.1523E+01  0.5204E+02  0.0000E+00  0.0000E+00 -0.2500E+00  0.0000E+00  0.4540E+00  0.5315E-01
   0.03586  0.1529E+01  0.5248E+02  0.0000E+00  0.0000E+00 -0.2500E+00  0.0000E+00  0.4464E+00  0.5319E-01
   0.03598  0.1535E+01  0.5293E+02  0.0000E+00  0.0000E+00 -0.2500E+00  0.0000E+00  0.4387E+00  0.5324E-01
   0.03610  0.1541E+01  0.5338E+02  0.0000E+00  0.0000E+00 -0.2500E+00  0.0000E+00  0.4312E+00  0.5328E-01
   0.03621  0.1547E+01  0.5383E+02  0.0000E+00  0.0000E+00 -0.2500E+00  0.0000E+00  0.4236E+00  0.5332E-01
   0.03633  0.1554E+01  0.5429E+02  0.0000E+00  0.0000E+00 -0.2500E+00  0.0000E+00  0.4161E+00  0.5336E-01
   0.03644  0.1560E+01  0.5475E+02  0.0000E+00  0.0000E+00 -0.2500E+00  0.0000E+00  0.4086E+00  0.5341E-01
   0.03656  0.1566E+01  0.5521E+02  0.0000E+00  0.0000E+00 -0.2500E+00  0.0000E+00  0.4011E+00  0.5345E-01
   0.03668  0.1573E+01  0.5568E+02  0.0000E+00  0.0000E+00 -0.2500E+00  0.0000E+00  0.3937E+00  0.5349E-01
   0.03679  0.1579E+01  0.5615E+02  0.0000E+00  0.0000E+00 -0.2500E+00  0.0000E+00  0.3863E+00  0.5353E-01
   0.03691  0.1586E+01  0.5663E+02  0.0000E+00  0.0000E+00 -0.2500E+00  0.0000E+00  0.3790E+00  0.5356E-01
   0.03703  0.1592E+01  0.5712E+02  0.0000E+00  0.0000E+00 -0.2500E+00  0.0000E+00  0.3717E+00  0.5360E-01
   0.03714  0.1599E+01  0.5762E+02  0.0000E+00  0.0000E+00 -0.2500E+00  0.0000E+00  0.3644E+00  0.5364E-01
   0.03726  0.1606E+01  0.5812E+02  0.0000E+00  0.0000E+00 -0.2500E+00  0.0000E+00  0.3572E+00  0.5367E-01
   0.03738  0.1613E+01  0.5863E+02  0.0000E+00  0.0000E+00 -0.2500E+00  0.0000E+00  0.3500E+00  0.5371E-01
   0.03749  0.1619E+01  0.5915E+02  0.0000E+00  0.0000E+00 -0.2500E+00  0.0000E+00  0.3429E+00  0.5374E-01
   0.03761  0.1626E+01  0.5968E+02  0.0000E+00  0.0000E+00 -0.2500E+00  0.0000E+00  0.3358E+00  0.5377E-01
   0.03773  0.1633E+01  0.6021E+02  0.0000E+00  0.0000E+00 -0.2500E+00  0.0000E+00  0.3287E+00  0.5380E-01
   0.03784  0.1640E+01  0.6075E+02  0.0000E+00  0.0000E+00 -0.2500E+00  0.0000E+00  0.3217E+00  0.5383E-01
   0.03796  0.1648E+01  0.6130E+02  0.0000E+00  0.0000E+00 -0.2500E+00  0.0000E+00  0.3147E+00  0.5386E-01
   0.03807  0.1655E+01  0.6185E+02  0.0000E+00  0.0000E+00 -0.2500E+00  0.0000E+00  0.3078E+00  0.5389E-01
   0.03819  0.1662E+01  0.6241E+02  0.0000E+00  0.0000E+00 -0.2500E+00  0.0000E+00  0.3009E+00  0.5392E-01
   0.03831  0.1669E+01  0.6296E+02  0.0000E+00  0.0000E+00 -0.2500E+00  0.0000E+00  0.2940E+00  0.5395E-01
   0.03842  0.1677E+01  0.6353E+02  0.0000E+00  0.0000E+00 -0.2500E+00  0.0000E+00  0.2873E+00  0.5397E-01
   0.03854  0.1684E+01  0.6409E+02  0.0000E+00  0.0000E+00 -0.2500E+00  0.0000E+00  0.2805E+00  0.5400E-01
   0.03866  0.1692E+01  0.6466E+02  0.0000E+00  0.0000E+00 -0.2500E+00  0.0000E+00  0.2738E+00  0.5402E-01
   0.03877  0.1699E+01  0.6524E+02  0.0000E+00  0.0000E+00 -0.2500E+00  0.0000E+00  0.2672E+00  0.5405E-01
   0.03889  0.1707E+01  0.6581E+02  0.0000E+00  0.0000E+00 -0.2500E+00  0.0000E+00  0.2606E+00  0.5407E-01
   0.03901  0.1714E+01  0.6639E+02  0.0000E+00  0.0000E+00 -0.2500E+00  0.0000E+00  0.2541E+00  0.5409E-01
   0.03912  0.1722E+01  0.6697E+02  0.0000E+00  0.0000E+00 -0.2500E+00  0.0000E+00  0.2476E+00  0.5412E-01
   0.03924  0.1730E+01  0.6754E+02  0.0000E+00  0.0000E+00 -0.2500E+00  0.0000E+00  0.2412E+00  0.5414E-01
   0.03936  0.1738E+01  0.6811E+02  0.0000E+00  0.0000E+00 -0.2500E+00  0.0000E+00  0.2348E+00  0.5416E-01
   0.03947  0.1746E+01  0.6868E+02  0.0000E+00  0.0000E+00 -0.2500E+00  0.0000E+00  0.2285E+00  0.5418E-01
   0.03959  0.1754E+01  0.6925E+02  0.0000E+00  0.0000E+00 -0.2500E+00  0.0000E+00  0.2222E+00  0.5420E-01
   0.03971  0.1762E+01  0.6982E+02  0.0000E+00  0.0000E+00 -0.2500E+00  0.0000E+00  0.2160E+00  0.5422E-01
   0.03982  0.1770E+01  0.7039E+02  0.0000E+00  0.0000E+00 -0.2500E+00  0.0000E+00  0.2098E+00  0.5423E-01
   0.03994  0.1778E+01  0.7097E+02  0.0000E+00  0.0000E+00 -0.2500E+00  0.0000E+00  0.2038E+00  0.5425E-01
   0.04005  0.1787E+01  0.7155E+02  0.0000E+00  0.0000E+00 -0.2500E+00  0.0000E+00  0.1977E+00  0.5427E-01
   0.04017  0.1795E+01  0.7214E+02  0.0000E+00  0.0000E+00 -0.2500E+00  0.0000E+00  0.1918E+00  0.5428E-01
   0.04029  0.1803E+01  0.7273E+02  0.0000E+00  0.0000E+00 -0.2500E+00  0.0000E+00  0.1859E+00  0.5430E-01
   0.04040  0.1812E+01  0.7333E+02  0.0000E+00  0.0000E+00 -0.2500E+00  0.0000E+00  0.1800E+00  0.5431E-01
   0.04052  0.1821E+01  0.7395E+02  0.0000E+00  0.0000E+00 -0.2500E+00  0.0000E+00  0.1742E+00  0.5433E-01
   0.04064  0.1829E+01  0.7457E+02  0.0000E+00  0.0000E+00 -0.2500E+00  0.0000E+00  0.1685E+00  0.5434E-01
   0.04075  0.1838E+01  0.7520E+02  0.0000E+00  0.0000E+00 -0.2500E+00  0.0000E+00  0.1629E+00  0.5436E-01
   0.04087  0.1847E+01  0.7583E+02  0.0000E+00  0.0000E+00 -0.2500E+00  0.0000E+00  0.1573E+00  0.5437E-01
   0.04099  0.1856E+01  0.7648E+02  0.0000E+00  0.0000E+00 -0.2500E+00  0.0000E+00  0.1518E+00  0.5438E-01
   0.04110  0.1865E+01  0.7714E+02  0.0000E+00  0.0000E+00 -0.2500E+00  0.0000E+00  0.1464E+00  0.5439E-01
   0.04122  0.1874E+01  0.7781E+02  0.0000E+00  0.0000E+00 -0.2500E+00  0.0000E+00  0.1410E+00  0.5440E-01
   0.04134  0.1883E+01  0.7848E+02  0.0000E+00  0.0000E+00 -0.2500E+00  0.0000E+00  0.1358E+00  0.5441E-01
   0.04145  0.1892E+01  0.7917E+02  0.0000E+00  0.0000E+00 -0.2500E+00  0.0000E+00  0.1306E+00  0.5442E-01
   0.04157  0.1901E+01  0.7987E+02  0.0000E+00  0.0000E+00 -0.2500E+00  0.0000E+00  0.1254E+00  0.5443E-01
   0.04168  0.1910E+01  0.8058E+02  0.0000E+00  0.0000E+00 -0.2500E+00  0.0000E+00  0.1204E+00  0.5444E-01
   0.04180  0.1920E+01  0.8129E+02  0.0000E+00  0.0000E+00 -0.2500E+00  0.0000E+00  0.1154E+00  0.5444E-01
   0.04192  0.1929E+01  0.8202E+02  0.0000E+00  0.0000E+00 -0.2500E+00  0.0000E+00  0.1105E+00  0.5445E-01
   0.04203  0.1939E+01  0.8276E+02  0.0000E+00  0.0000E+00 -0.2500E+00  0.0000E+00  0.1057E+00  0.5445E-01
   0.04215  0.1949E+01  0.8351E+02  0.0000E+00  0.0000E+00 -0.2500E+00  0.0000E+00  0.1010E+00  0.5446E-01
   0.04227  0.1958E+01  0.8428E+02  0.0000E+00  0.0000E+00 -0.2500E+00  0.0000E+00  0.9636E-01  0.5446E-01
   0.04238  0.1968E+01  0.8503E+02  0.0000E+00  0.0000E+00 -0.2500E+00  0.0000E+00  0.9181E-01  0.5447E-01
   0.04250  0.1978E+01  0.8579E+02  0.0000E+00  0.0000E+00 -0.2500E+00  0.0000E+00  0.8735E-01  0.5447E-01
   0.04262  0.1988E+01  0.8656E+02  0.0000E+00  0.0000E+00 -0.2500E+00  0.0000E+00  0.8297E-01  0.5447E-01
   0.04273  0.1998E+01  0.8732E+02  0.0000E+00  0.0000E+00 -0.2500E+00  0.0000E+00  0.7869E-01  0.5447E-01
   0.04285  0.2009E+01  0.8809E+02  0.0000E+00  0.0000E+00 -0.2500E+00  0.0000E+00  0.7450E-01  0.5448E-01
   0.04297  0.2019E+01  0.8885E+02  0.0000E+00  0.0000E+00 -0.2500E+00  0.0000E+00  0.7041E-01  0.5448E-01
   0.04308  0.2029E+01  0.8962E+02  0.0000E+00  0.0000E+00 -0.2500E+00  0.0000E+00  0.6641E-01  0.5448E-01
   0.04320  0.2040E+01  0.9037E+02  0.0000E+00  0.0000E+00 -0.2500E+00  0.0000E+00  0.6251E-01  0.5448E-01
   0.04331  0.2050E+01  0.9110E+02  0.0000E+00  0.0000E+00 -0.2500E+00  0.0000E+00  0.5870E-01  0.5448E-01
   0.04343  0.2061E+01  0.9182E+02  0.0000E+00  0.0000E+00 -0.2500E+00  0.0000E+00  0.5500E-01  0.5448E-01
   0.04355  0.2072E+01  0.9255E+02  0.0000E+00  0.0000E+00 -0.2500E+00  0.0000E+00  0.5140E-01  0.5448E-01
   0.04366  0.2083E+01  0.9329E+02  0.0000E+00  0.0000E+00 -0.2500E+00  0.0000E+00  0.4791E-01  0.5447E-01
   0.04378  0.2093E+01  0.9404E+02  0.0000E+00  0.0000E+00 -0.2500E+00  0.0000E+00  0.4452E-01  0.5447E-01
   0.04390  0.2104E+01  0.9479E+02  0.0000E+00  0.0000E+00 -0.2500E+00  0.0000E+00  0.4123E-01  0.5447E-01
   0.04401  0.2116E+01  0.9556E+02  0.0000E+00  0.0000E+00 -0.2500E+00  0.0000E+00  0.3806E-01  0.5447E-01
   0.04413  0.2127E+01  0.9633E+02  0.0000E+00  0.0000E+00 -0.2500E+00  0.0000E+00  0.3500E-01  0.5447E-01
   0.04425  0.2138E+01  0.9712E+02  0.0000E+00  0.0000E+00 -0.2500E+00  0.0000E+00  0.3205E-01  0.5446E-01
   0.04436  0.2149E+01  0.9791E+02  0.0000E+00  0.0000E+00 -0.2500E+00  0.0000E+00  0.2922E-01  0.5446E-01
   0.04448  0.2161E+01  0.9871E+02  0.0000E+00  0.0000E+00 -0.2500E+00  0.0000E+00  0.2651E-01  0.5446E-01
   0.04460  0.2172E+01  0.9952E+02  0.0000E+00  0.0000E+00 -0.2500E+00  0.0000E+00  0.2391E-01  0.5445E-01
   0.04471  0.2184E+01  0.1003E+03  0.0000E+00  0.0000E+00 -0.2500E+00  0.0000E+00  0.2144E-01  0.5445E-01
   0.04483  0.2196E+01  0.1012E+03  0.0000E+00  0.0000E+00 -0.2500E+00  0.0000E+00  0.1909E-01  0.5445E-01
   0.04494  0.2207E+01  0.1020E+03  0.0000E+00  0.0000E+00 -0.2500E+00  0.0000E+00  0.1686E-01  0.5444E-01
   0.04506  0.2219E+01  0.1029E+03  0.0000E+00  0.0000E+00 -0.2500E+00  0.0000E+00  0.1476E-01  0.5444E-01
   0.04518  0.2231E+01  0.1037E+03  0.0000E+00  0.0000E+00 -0.2500E+00  0.0000E+00  0.1279E-01  0.5443E-01
   0.04529  0.2244E+01  0.1046E+03  0.0000E+00  0.0000E+00 -0.2500E+00  0.0000E+00  0.1095E-01  0.5443E-01
   0.04541  0.2256E+01  0.1055E+03  0.0000E+00  0.0000E+00 -0.2500E+00  0.0000E+00  0.9253E-02  0.5442E-01
   0.04553  0.2268E+01  0.1064E+03  0.0000E+00  0.0000E+00 -0.2500E+00  0.0000E+00  0.7690E-02  0.5441E-01
   0.04564  0.2281E+01  0.1073E+03  0.0000E+00  0.0000E+00 -0.2500E+00  0.0000E+00  0.6267E-02  0.5441E-01
   0.04576  0.2293E+01  0.1082E+03  0.0000E+00  0.0000E+00 -0.2500E+00  0.0000E+00  0.4985E-02  0.5440E-01
   0.04588  0.2306E+01  0.1091E+03  0.0000E+00  0.0000E+00 -0.2500E+00  0.0000E+00  0.3844E-02  0.5439E-01
   0.04599  0.2319E+01  0.1101E+03  0.0000E+00  0.0000E+00 -0.2500E+00  0.0000E+00  0.2846E-02  0.5439E-01
   0.04611  0.2331E+01  0.1110E+03  0.0000E+00  0.0000E+00 -0.2500E+00  0.0000E+00  0.1992E-02  0.5438E-01
   0.04623  0.2344E+01  0.1120E+03  0.0000E+00  0.0000E+00 -0.2500E+00  0.0000E+00  0.1284E-02  0.5437E-01
   0.04634  0.2358E+01  0.1130E+03  0.0000E+00  0.0000E+00 -0.2500E+00  0.0000E+00  0.7220E-03  0.5436E-01
   0.04646  0.2371E+01  0.1140E+03  0.0000E+00  0.0000E+00 -0.2500E+00  0.0000E+00  0.3084E-03  0.5435E-01
   0.04658  0.2384E+01  0.1150E+03  0.0000E+00  0.0000E+00 -0.2500E+00  0.0000E+00  0.4435E-04  0.5435E-01
   0.04669  0.2397E+01  0.1160E+03  0.0000E+00  0.0000E+00 -0.2500E+00  0.0000E+00 -0.6892E-04  0.5434E-01
